<?xml version="1.0"?>
<opencv_storage>
<calibration_time>"Thu Aug 16 17:22:12 2018"</calibration_time>
<nr_of_frames>7</nr_of_frames>
<image_width>640</image_width>
<image_height>480</image_height>
<board_width>9</board_width>
<board_height>6</board_height>
<square_size>50.</square_size>
<fix_aspect_ratio>1.</fix_aspect_ratio>
<!-- flags: +fix_aspectRatio +fix_principal_point +zero_tangent_dist +fix_k4 +fix_k5 -->
<flags>6158</flags>
<fisheye_model>0</fisheye_model>
<camera_matrix type_id="opencv-matrix">
  <rows>3</rows>
  <cols>3</cols>
  <dt>d</dt>
  <data>
    5.4202262725753587e+02 0. 320. 0. 5.4202262725753587e+02 240. 0. 0.
    1.</data></camera_matrix>
<distortion_coefficients type_id="opencv-matrix">
  <rows>5</rows>
  <cols>1</cols>
  <dt>d</dt>
  <data>
    -2.8381088476378641e-01 1.2796881722628770e-01 0. 0.
    -6.9839614859779534e-02</data></distortion_coefficients>
<avg_reprojection_error>5.5080359963831516e-01</avg_reprojection_error>
<per_view_reprojection_errors type_id="opencv-matrix">
  <rows>7</rows>
  <cols>1</cols>
  <dt>f</dt>
  <data>
    4.09785926e-01 1.16941059e+00 2.40653098e-01 6.23390317e-01
    2.17610672e-01 2.41501972e-01 1.89841107e-01</data></per_view_reprojection_errors>
<!-- a set of 6-tuples (rotation vector + translation vector) for each view -->
<extrinsic_parameters type_id="opencv-matrix">
  <rows>7</rows>
  <cols>6</cols>
  <dt>d</dt>
  <data>
    1.5111020532533681e-01 2.8795288558618393e-01 6.5598681737057173e-03
    -3.0343706075121219e+02 -2.0501637604061372e+02
    8.1027967732559659e+02 3.9175655475544652e-01 6.5835673132849692e-01
    -1.3528950449042667e+00 -2.6931909873507993e+02
    1.7772160388975087e+02 7.1315563403700889e+02
    -1.2396864206655538e-01 2.6192970862963383e-01
    -7.7624498875409828e-03 -3.5174699757441442e+02
    -1.2287019632474555e+02 6.7256820401428490e+02
    -2.8485903725008538e-01 4.5194376187010804e-01
    1.3102146334286684e+00 -3.9004379411256544e+01
    -2.2132462716326765e+02 6.3924076248610038e+02
    4.1174268747052700e-01 3.2574028355126788e-01 1.6409286227192099e+00
    1.7984895675999576e+02 -1.2175777711550816e+02
    6.7545564909463712e+02 1.9416164643028491e-01
    -4.0805720339231399e-01 1.2818500594029983e-01
    -2.8973158889378402e+02 -1.5174041916834784e+02
    5.6552785044804602e+02 -4.1572376402451711e-01
    -4.7853779352200293e-01 1.3374124038457731e+00
    -6.1484442227039374e+01 -2.1175214761426349e+02
    6.8188967595590225e+02</data></extrinsic_parameters>
<image_points type_id="opencv-matrix">
  <rows>7</rows>
  <cols>54</cols>
  <dt>"2f"</dt>
  <data>
    1.27647835e+02 1.10525009e+02 1.53826935e+02 1.07838440e+02
    1.81373810e+02 1.05089455e+02 2.10973297e+02 1.02411888e+02
    2.41478806e+02 1.00094627e+02 2.74370148e+02 9.79861908e+01
    3.08524872e+02 9.60571594e+01 3.44051910e+02 9.42476120e+01
    3.80808533e+02 9.30838776e+01 1.28762909e+02 1.41972961e+02
    1.54646729e+02 1.40033218e+02 1.82243881e+02 1.38161682e+02
    2.11302826e+02 1.36324799e+02 2.42431427e+02 1.34782516e+02
    2.74815704e+02 1.33582367e+02 3.08908569e+02 1.32242676e+02
    3.44679901e+02 1.31379318e+02 3.81290833e+02 1.30571945e+02
    1.29667816e+02 1.73372574e+02 1.55429062e+02 1.72203934e+02
    1.83134171e+02 1.71467880e+02 2.12421860e+02 1.70369064e+02
    2.43153717e+02 1.69921082e+02 2.75349213e+02 1.69246857e+02
    3.09414093e+02 1.68598053e+02 3.45023621e+02 1.68384445e+02
    3.81547943e+02 1.68338257e+02 1.30161591e+02 2.04190491e+02
    1.57052414e+02 2.04298615e+02 1.84595947e+02 2.04331146e+02
    2.13388107e+02 2.04274765e+02 2.44072586e+02 2.04377136e+02
    2.76393066e+02 2.04542358e+02 3.10110168e+02 2.05049225e+02
    3.45336700e+02 2.05526566e+02 3.81720245e+02 2.06089371e+02
    1.33172760e+02 2.35676559e+02 1.58938644e+02 2.36246429e+02
    1.86233109e+02 2.37157776e+02 2.15036377e+02 2.37984711e+02
    2.45309418e+02 2.38793503e+02 2.77290741e+02 2.39970932e+02
    3.10706116e+02 2.40870560e+02 3.45648499e+02 2.42017365e+02
    3.81635254e+02 2.43305618e+02 1.32858521e+02 2.65559631e+02
    1.60938431e+02 2.67595703e+02 1.88203720e+02 2.69028290e+02
    2.16921387e+02 2.70566925e+02 2.46809219e+02 2.72305725e+02
    2.78411530e+02 2.74135437e+02 3.11325531e+02 2.75845673e+02
    3.45992676e+02 2.77697845e+02 3.81423248e+02 2.79429291e+02
    1.28079315e+02 3.71512360e+02 1.20215820e+02 3.44348694e+02
    1.12852547e+02 3.19478088e+02 1.05204216e+02 2.91918732e+02
    9.69336853e+01 2.61355347e+02 8.83628006e+01 2.27325714e+02
    7.96360626e+01 1.89411224e+02 7.04237137e+01 1.47436279e+02
    6.20465126e+01 1.01162003e+02 1.59152893e+02 3.78818939e+02
    1.53475754e+02 3.53650940e+02 1.47752762e+02 3.28824890e+02
    1.41623917e+02 3.01451172e+02 1.35062912e+02 2.70562866e+02
    1.28214264e+02 2.36161926e+02 1.21215401e+02 1.97457840e+02
    1.13913139e+02 1.54473495e+02 1.06699120e+02 1.06497322e+02
    1.92852234e+02 3.90136505e+02 1.88651169e+02 3.63279114e+02
    1.84521240e+02 3.38536255e+02 1.80322586e+02 3.11077026e+02
    1.75833755e+02 2.80379822e+02 1.71095810e+02 2.45469940e+02
    1.66126389e+02 2.06520355e+02 1.61136642e+02 1.62361893e+02
    1.56330338e+02 1.13350769e+02 2.27127777e+02 3.97447571e+02
    2.25141388e+02 3.72384094e+02 2.23189484e+02 3.48317261e+02
    2.21063431e+02 3.20836914e+02 2.18898529e+02 2.90283173e+02
    2.16630081e+02 2.55240356e+02 2.14276047e+02 2.15915833e+02
    2.12087357e+02 1.71121857e+02 2.10152557e+02 1.21021988e+02
    2.63098175e+02 4.06621521e+02 2.63272461e+02 3.81677582e+02
    2.63241821e+02 3.57775787e+02 2.63529419e+02 3.30666473e+02
    2.63954132e+02 3.00039886e+02 2.64659119e+02 2.65322540e+02
    2.65131439e+02 2.26179871e+02 2.66389679e+02 1.80996048e+02
    2.67999695e+02 1.30138016e+02 2.98972961e+02 4.15546844e+02
    3.01719360e+02 3.90706268e+02 3.04460449e+02 3.66947540e+02
    3.07187073e+02 3.40343018e+02 3.10481598e+02 3.10172302e+02
    3.14076324e+02 2.75664856e+02 3.18125427e+02 2.36373856e+02
    3.22859924e+02 1.91313660e+02 3.28279358e+02 1.40449860e+02
    5.83377991e+01 1.49004059e+02 8.65753021e+01 1.44850021e+02
    1.17146004e+02 1.40458893e+02 1.50203979e+02 1.36131927e+02
    1.85613373e+02 1.31843933e+02 2.23747681e+02 1.27539230e+02
    2.64641296e+02 1.23551987e+02 3.07537292e+02 1.19675095e+02
    3.52807404e+02 1.16331734e+02 5.44853592e+01 1.84992645e+02
    8.27580109e+01 1.81959381e+02 1.13589340e+02 1.78850052e+02
    1.47193939e+02 1.75909851e+02 1.83000824e+02 1.72543991e+02
    2.21510330e+02 1.69677414e+02 2.63101898e+02 1.66460205e+02
    3.07059265e+02 1.63738113e+02 3.52976288e+02 1.61009064e+02
    5.12662582e+01 2.22080002e+02 7.96322632e+01 2.20375137e+02
    1.10834763e+02 2.18547668e+02 1.44477753e+02 2.16824097e+02
    1.80739609e+02 2.15099747e+02 2.19593460e+02 2.13293915e+02
    2.61481262e+02 2.11414978e+02 3.06390198e+02 2.09594894e+02
    3.52945190e+02 2.07875397e+02 4.88200150e+01 2.60054749e+02
    7.73070526e+01 2.59775024e+02 1.08607803e+02 2.59582581e+02
    1.42433624e+02 2.59095459e+02 1.78901199e+02 2.58519958e+02
    2.18253159e+02 2.58188904e+02 2.60575745e+02 2.57595398e+02
    3.05579895e+02 2.56883240e+02 3.52850494e+02 2.56226074e+02
    4.73913803e+01 2.98283844e+02 7.58742447e+01 2.99764648e+02
    1.07177383e+02 3.00572815e+02 1.41074081e+02 3.01931244e+02
    1.77604599e+02 3.02804504e+02 2.17332336e+02 3.03874207e+02
    2.59504242e+02 3.04495941e+02 3.05136322e+02 3.05221741e+02
    3.52669495e+02 3.05651947e+02 4.68844566e+01 3.36678925e+02
    7.51094513e+01 3.39469849e+02 1.06678238e+02 3.41879181e+02
    1.40482162e+02 3.44442780e+02 1.77162125e+02 3.47163910e+02
    2.16745102e+02 3.49458313e+02 2.59265961e+02 3.51548462e+02
    3.04756836e+02 3.53441589e+02 3.52208069e+02 3.54656830e+02
    2.88097168e+02 5.92362938e+01 2.94822388e+02 8.73464203e+01
    3.02043060e+02 1.18342308e+02 3.10129425e+02 1.52852753e+02
    3.18977356e+02 1.91100006e+02 3.28840790e+02 2.33382553e+02
